2000/01/28,14:21:08.80	42.9813	146.7150	55.64	6.8	OFF_NEMURO_PENINSULA	231;17	53;42	112;64	1.21e+19	44	6.7	53.60	-0.2033	0.7788	-0.3278	-0.7730	0.0643	0.9763	1e+19	2
2000/06/06,14:57:01.35	29.3673	131.5368	87.79	6.1	NEAR_AMAMI-OSHIMA_ISLAND	269;24	65;48	132;35	5.35e+18	41	6.5	71.66	-2.9867	3.3851	-2.4806	-0.0878	-1.3452	3.0746	1e+18	1
2000/10/06,04:30:18.03	35.2752	133.3498	11.26	7.3	WESTERN_TOTTORI_PREF	150;241	85;81	-9;-175	8.62e+18	11	6.6	92.18	7.4554	4.3204	0.0216	-7.1342	-1.5300	-0.3212	1e+18	3
2001/03/24,06:27:54.14	34.1200	132.7087	51.38	6.7	AKINADA_SETONAIKAI	188;315	59;45	-56;-133	1.51e+19	50	6.8	89.66	-0.3826	0.6316	0.3014	1.4256	-0.4800	-1.0429	1e+19	3
2001/05/25,00:40:54.17	44.3185	148.7072	30.00	6.6	SE_OFF_ETOROFU	28;227	67;25	82;108	8.71e+18	23	6.6	80.79	-2.0012	3.4811	2.3860	-4.0572	-5.4408	6.0584	1e+18	3
2001/12/02,13:01:55.25	39.3955	141.2667	121.50	6.4	SOUTHERN_IWATE_PREF	175;17	84;7	-93;-68	5.34e+18	119	6.5	94.72	0.2027	-0.1565	-0.5151	1.0634	-5.1892	-1.2661	1e+18	3
2001/12/18,04:02:59.39	23.8893	122.8120	12.00	7.3	NEAR_ISHIGAKIJIMA_ISLAND	191;26	51;40	-99;-79	1.87e+19	8	6.8	78.25	0.2063	-0.5413	-0.1180	1.6311	-0.4132	-1.8374	1e+19	3
2002/03/26,03:45:43.30	23.1393	124.2177	8.00	6.6	NEAR_ISHIGAKIJIMA_ISLAND	61;279	67;28	73;125	6.14e+18	8	6.5	67.46	-4.8125	1.2075	3.2875	0.7952	-2.3926	4.0174	1e+18	3
2002/03/31,06:52:50.07	24.2287	121.9715	55.00	7.2	TAIWAN_REGION	72;304	67;35	63;136	5.48e+19	47	7.1	77.85	-4.6709	-0.7496	2.9232	1.1889	-1.8293	3.4820	1e+19	3
2002/06/28,17:19:33.01	43.5018	131.3952	589.00	7.2	NEAR_VLADIVOSTOK	208;26	81;9	90;88	4.96e+19	580	7.1	65.89	-0.6380	0.3491	-2.1776	-1.1875	4.1644	1.8254	1e+19	3
2002/11/17,04:53:56.11	47.1255	146.8318	496.00	7.0	SOUTHERN_SEA_OF_OKHOTSK	202;292	90;29	119;0	1.20e+20	620	7.4	88.16	0.4094	-0.4122	-0.3880	-0.4117	0.9789	0.0023	1e+20	3
2003/05/26,09:24:33.47	38.8057	141.6825	70.73	7.0	NORTHERN_MIYAGI_PREF	190;350	69;22	97;71	3.49e+19	74	7.0	87.62	0.4527	0.0848	-0.5533	-2.5543	2.5381	2.1016	1e+19	3
2003/07/27,06:25:34.26	46.8177	139.1515	487.00	7.1	SOUTHERN_SIBERIA	166;55	76;35	58;154	1.58e+19	520	6.8	94.32	0.3974	0.5664	0.4103	-1.0343	1.0959	0.6369	1e+19	3
2003/09/25,19:50:07.64	41.7797	144.0785	42.00	8.0	SE_OFF_TOKACHI	31;249	78;15	81;127	8.21e+20	23	7.9	87.14	-1.9880	2.0378	3.5813	-1.2744	-6.5073	3.2624	1e+20	3
2003/09/25,21:08:01.84	41.7072	143.6953	21.41	7.1	SE_OFF_ERIMOMISAKI	45;199	71;21	99;66	1.15e+20	53	7.3	88.15	-0.1888	0.3081	0.6826	-0.5283	-0.5968	0.7171	1e+20	3
2003/10/08,09:06:56.79	42.5627	144.6738	51.43	6.4	SE_OFF_TOKACHI	25;242	67;28	74;123	9.83e+18	41	6.6	86.77	-3.2203	4.1735	1.7717	-3.6074	-6.4129	6.8277	1e+18	3
2003/10/31,01:06:30.67	37.8292	142.6995	33.35	6.8	SE_OFF_MIYAGI_PREF	27;196	64;26	95;80	1.42e+19	26	6.7	93.26	-0.0607	0.4549	0.4306	-0.9985	-0.7595	1.0592	1e+19	3
2003/12/10,04:38:10.75	22.8042	121.2813	32.00	6.6	TAIWAN_REGION	208;22	57;34	93;86	1.00e+19	35	6.6	57.72	0.0150	0.5042	-0.1927	-0.8086	0.3402	0.7936	1e+18	2
2004/05/19,07:04:14.49	22.7737	121.4852	87.00	6.1	TAIWAN_REGION	55;179	84;11	99;35	6.82e+18	62	6.5	82.20	0.0483	1.3179	5.3757	-1.2597	-3.8160	1.2113	1e+18	3
2004/09/05,10:07:07.50	33.0297	136.8005	37.58	6.9	SE_OFF_KII_PENINSULA	267;86	52;38	91;89	7.54e+19	14	7.2	91.37	-7.5268	0.4867	-1.9008	0.4995	0.0075	7.0273	1e+19	3
2004/09/05,14:57:16.93	33.1435	137.1423	43.52	7.4	SE_OFF_KII_PENINSULA	245;115	62;39	62;132	1.69e+20	11	7.5	91.01	-1.6099	0.0266	-0.6333	0.4213	0.6215	1.1886	1e+20	3
2004/09/06,23:29:36.27	33.2057	137.2958	40.98	6.4	SE_OFF_KII_PENINSULA	290;74	54;42	114;61	6.00e+18	11	6.5	77.40	-6.1426	-0.2705	-1.0974	1.0802	-1.6539	5.0624	1e+18	3
2004/10/23,08:56:00.30	37.2895	138.8703	13.08	6.8	MID_NIIGATA_PREF	212;27	47;43	93;87	7.53e+18	5	6.6	88.13	-1.8304	3.2283	-0.5524	-5.6631	0.3648	7.4935	1e+18	3
2004/11/28,18:32:14.53	42.9435	145.2797	48.17	7.1	OFF_NEMURO_PENINSULA	41;211	67;24	94;81	3.36e+19	50	7.0	90.54	-0.4638	1.8661	1.5016	-1.5180	-1.7335	1.9818	1e+19	3
2004/12/06,14:15:11.81	42.8452	145.3468	45.91	6.9	OFF_NEMURO_PENINSULA	41;222	64;26	90;90	1.41e+19	44	6.7	89.40	-0.3849	0.7571	0.5790	-0.5770	-0.6625	0.9619	1e+19	3
2005/01/19,06:11:30.30	33.9525	141.9928	30.00	6.8	FAR_SE_OFF_BOSO_PEN	7;165	48;44	105;74	5.55e+18	11	6.5	93.54	-0.3651	-0.3315	1.2138	-5.2210	-0.4481	5.5861	1e+18	3
2005/03/20,01:53:40.32	33.7392	130.1763	9.24	7.0	NW_OFF_KYUSHU	122;213	87;79	-11;-177	7.80e+18	11	6.6	95.47	7.1117	-3.2593	-1.0424	-6.7536	-1.0029	-0.3582	1e+18	3
2005/08/16,02:46:25.74	38.1507	142.2795	41.63	7.2	E_OFF_MIYAGI_PREF	29;194	69;22	96;76	5.43e+19	44	7.1	90.66	-0.0536	1.6385	2.0324	-3.3309	-3.4139	3.3845	1e+19	3
2005/11/14,21:38:52.08	38.0305	144.8895	83.00	7.1	FAR_E_OFF_NORTH_HONSHU	178;29	63;31	-105;-63	4.06e+19	14	7.0	93.86	0.1712	-0.8147	-0.6536	3.1430	-2.2420	-3.3142	1e+19	3
2005/12/02,13:13:07.90	38.0727	142.3535	40.28	6.6	E_OFF_MIYAGI_PREF	21;205	71;19	89;93	5.39e+18	35	6.5	95.19	-0.3514	1.3246	1.4954	-2.9356	-3.9192	3.2870	1e+18	3
2006/11/15,11:14:09.60	46.7027	154.0475	30.00	7.9	FAR_FIELD	28;214	56;35	87;95	6.21e+20	8	7.8	63.38	-1.8393	2.2496	0.8498	-4.1828	-2.0912	6.0221	1e+20	3
2006/12/26,12:26:18.88	21.6492	120.7523	0.00	6.9	TAIWAN_REGION	327;135	64;26	-85;-101	2.51e+19	17	6.9	69.99	0.7943	0.9370	0.7552	1.1937	1.3570	-1.9880	1e+19	3
2006/12/26,12:34:11.96	21.8165	120.6863	0.00	7.2	TAIWAN_REGION	37;299	74;65	-154;-18	9.44e+18	5	6.6	62.39	9.3232	-3.4388	-0.5668	-6.1815	3.3354	-3.1418	1e+18	3
2007/01/13,04:23:13.05	46.9378	155.0522	30.00	8.2	FAR_FIELD	61;240	47;43	-89;-91	1.11e+21	11	8.0	66.90	0.8472	-0.4800	-0.0633	0.2607	0.0247	-1.1079	1e+21	3
2007/01/30,21:37:44.02	21.2237	145.4028	37.98	7.1	MARIANA_ISLANDS_REGION	102;6	79;65	25;167	7.91e+18	5	6.6	79.37	1.6397	-6.6415	3.4378	-2.7954	-0.8549	1.1557	1e+18	1
2007/03/25,00:41:57.91	37.2207	136.6860	10.70	6.9	OFF_NOTO_PENINSULA	58;173	66;48	132;34	1.36e+19	8	6.7	93.06	0.1909	0.6977	0.7798	-0.9431	-0.0063	0.7522	1e+19	3
2007/07/16,01:13:22.55	37.5568	138.6095	16.75	6.8	OFF_S_NIIGATA_PREF	215;49	49;42	80;101	9.30e+18	8	6.6	90.54	-4.1689	4.3649	0.1645	-5.1035	1.7065	9.2723	1e+18	3
2007/07/16,14:17:36.96	36.8660	135.1045	373.83	6.7	NW_OFF_KINKI_DISTRICT	27;286	79;46	-135;-15	1.78e+19	380	6.8	94.06	1.1009	-0.9013	-0.3152	-0.6351	1.1649	-0.4658	1e+19	3
2007/09/28,13:38:54.99	21.9860	143.0975	268.18	7.6	MARIANA_ISLANDS_REGION	92;271	53;37	90;90	1.88e+20	290	7.5	98.05	-1.8521	-0.0522	0.5079	0.0791	0.0185	1.7729	1e+20	1
2008/05/07,16:45:18.77	36.2282	141.6077	50.57	7.0	FAR_E_OFF_IBARAKI_PREF	18;216	68;24	83;107	1.97e+19	35	6.8	93.60	-0.1203	0.6758	0.3597	-1.1734	-1.3346	1.2937	1e+19	3
2008/06/13,23:43:45.36	39.0298	140.8807	7.77	7.2	SOUTHERN_IWATE_PREF	209;8	51;41	104;74	2.72e+19	5	6.9	96.62	-0.1409	0.8575	-0.6058	-2.4192	0.2611	2.5601	1e+19	3
2008/07/19,02:39:28.69	37.5208	142.2645	31.55	6.9	E_OFF_FUKUSHIMA_PREF	24;234	72;20	80;119	2.39e+19	35	6.9	91.45	-0.3986	0.8818	0.7089	-0.8752	-1.7858	1.2738	1e+19	3
2008/07/23,15:26:19.69	39.7320	141.6353	108.08	6.8	NORTHERN_IWATE_PREF	179;7	71;19	-93;-82	1.72e+19	104	6.8	70.71	0.5334	-0.0598	-0.0940	0.7760	-1.3709	-1.3095	1e+19	3
2008/09/11,00:20:51.35	41.7755	144.1515	30.86	7.1	SE_OFF_TOKACHI	17;269	78;36	56;159	1.97e+19	29	6.8	75.96	-0.6407	1.1083	0.2235	-0.0345	-1.4700	0.6752	1e+19	3
2009/01/15,17:49:37.18	46.9957	155.1680	30.00	7.4	FAR_FIELD	132;222	90;87	-3;-180	6.94e+19	35	7.2	73.43	8.1428	-0.6423	-0.3640	-5.6537	-0.1272	-2.4890	1e+19	3
2009/04/07,04:23:30.11	46.0068	152.1927	30.00	6.7	KURILE_ISLANDS_REGION	341;222	60;50	48;139	1.51e+19	44	6.8	86.20	0.4424	0.3909	-0.6638	-1.4142	-0.3577	0.9718	1e+19	3
2009/04/18,19:17:55.52	45.9915	152.0738	30.00	6.5	KURILE_ISLANDS_REGION	339;232	75;44	48;158	5.90e+18	47	6.5	87.23	2.7282	1.8993	-1.4082	-5.1086	-3.2886	2.3804	1e+18	3
2009/08/09,10:55:52.13	33.1280	138.4040	332.91	6.8	FAR_S_OFF_TOKAI_DISTRICT	4;101	86;30	-60;-172	5.46e+19	320	7.1	93.86	0.0208	2.6400	-0.8906	0.6994	4.6747	-0.7202	1e+19	3
2009/08/12,22:48:51.79	32.8693	140.8257	57.33	6.6	E_OFF_HACHIJOJIMA_ISLAND	215;17	68;23	97;73	6.60e+18	65	6.5	93.35	-0.6200	2.0859	-2.8841	-3.8022	3.7147	4.4222	1e+18	3
2009/08/17,00:05:49.09	23.4380	123.6337	48.03	6.7	NEAR_ISHIGAKIJIMA_ISLAND	42;134	82;71	161;8	1.15e+19	35	6.7	75.85	1.0442	-0.0761	0.3730	-1.1079	-0.1662	0.0636	1e+19	3
2009/10/30,07:03:38.94	29.1668	129.9372	60.25	6.8	NEAR_AMAMI-OSHIMA_ISLAND	51;215	61;30	98;76	1.48e+19	38	6.7	82.19	-0.5740	0.6732	0.6633	-0.6488	-0.4147	1.2228	1e+19	3
2009/12/19,13:02:15.55	23.7782	121.6468	32.13	6.7	TAIWAN_REGION	27;248	70;26	74;128	5.71e+18	47	6.5	82.22	-1.7083	2.6146	1.5712	-1.6200	-3.8972	3.3284	1e+18	3
2010/02/18,01:13:16.47	42.6203	131.0635	619.00	6.8	NEAR_VLADIVOSTOK	358;113	86;9	-81;-155	2.58e+19	660	6.9	89.68	-0.1775	0.4019	0.0911	0.4253	2.5227	-0.2478	1e+19	3
2010/02/26,20:31:25.92	25.9187	128.6800	37.00	7.2	NEAR_OKINAWAJIMA_ISLAND	93;3	90;88	2;180	3.02e+19	32	7.0	95.78	0.5955	-3.0028	0.0875	0.0589	-0.0342	-0.6543	1e+19	3
2010/03/14,08:08:04.18	37.7242	141.8180	39.75	6.7	E_OFF_FUKUSHIMA_PREF	20;199	69;21	91;89	6.83e+18	44	6.5	95.24	-0.2677	1.5591	1.7557	-4.1620	-4.7643	4.4297	1e+18	3
2010/04/26,02:59:49.51	22.2103	123.8257	50.00	6.6	FAR_S_OFF_ISHIGAKIJIMA	148;58	89;82	8;179	6.36e+18	32	6.5	86.92	4.9577	2.7915	0.3163	-6.3179	0.8603	1.3603	1e+18	3
2010/11/30,03:24:39.47	28.3583	139.5888	493.92	7.1	W_OFF_OGASAWARA	323;73	75;37	-55;-155	1.47e+19	460	6.7	87.63	0.9960	0.4996	0.4515	-0.3936	0.9699	-0.6024	1e+19	3
2010/12/21,17:19:37.23	27.0520	143.9350	8.00	7.4	NEAR_CHICHIJIMA_ISLAND	107;341	59;46	-126;-46	9.69e+19	5	7.3	70.84	3.6541	5.9136	-4.3700	3.3225	1.8384	-6.9765	1e+19	3
2011/03/09,02:45:12.97	38.3285	143.2798	8.28	7.3	FAR_E_OFF_MIYAGI_PREF	27;186	69;23	98;70	7.97e+19	23	7.2	93.50	-0.1135	1.6679	2.9718	-5.1382	-4.9876	5.2517	1e+19	3
2011/03/09,21:23:59.00	38.1722	143.0448	9.30	6.8	FAR_E_OFF_MIYAGI_PREF	22;213	68;23	85;101	5.51e+18	20	6.5	80.78	-0.0848	2.1272	1.3757	-3.3152	-3.6495	3.4000	1e+18	3
2011/03/11,05:46:18.12	38.1035	142.8610	23.74	9.0	FAR_E_OFF_MIYAGI_PREF	22;200	63;27	91;88	1.07e+22	20	8.7	71.75	-0.0677	0.3149	0.2529	-0.7636	-0.5946	0.8313	1e+22	3
2011/03/11,06:08:53.50	39.8390	142.7815	31.70	7.4	E_OFF_IWATE_PREF	31;179	70;23	102;60	1.40e+20	35	7.4	83.41	0.0551	0.2944	0.6109	-0.8967	-0.8633	0.8416	1e+20	3
2011/03/11,06:15:34.46	36.1083	141.2653	43.18	7.7	FAR_E_OFF_IBARAKI_PREF	26;209	59;31	89;92	5.66e+20	35	7.8	87.68	-1.2335	1.8622	1.0981	-3.8839	-2.4433	5.1174	1e+20	3
2011/03/11,06:25:44.40	37.8367	144.8940	34.00	7.5	FAR_E_OFF_NORTH_HONSHU	194;12	49;41	-89;-92	2.46e+20	20	7.6	83.58	0.5288	-0.3877	0.1344	2.1240	-0.3363	-2.6528	1e+20	3
2011/03/11,07:14:56.80	36.5553	142.0688	20.00	6.7	FAR_E_OFF_IBARAKI_PREF	15;220	71;21	81;113	6.16e+18	23	6.5	66.51	1.3468	2.7884	1.4731	-3.9476	-4.5370	2.6008	1e+18	3
2011/03/11,11:36:39.89	39.1697	142.6192	24.00	6.7	E_OFF_IWATE_PREF	54;148	87;33	123;5	8.33e+18	38	6.6	86.28	3.7054	2.4060	5.1788	-4.3156	-4.6770	0.6102	1e+18	3
2011/04/07,14:32:43.43	38.2028	141.9237	65.73	7.1	E_OFF_MIYAGI_PREF	211;20	50;40	97;81	4.74e+19	68	7.1	86.87	-1.3292	1.4294	-0.8683	-3.6303	0.5005	4.9595	1e+19	3
2011/04/11,08:16:12.02	36.9457	140.6727	6.42	7.0	EASTERN_FUKUSHIMA_PREF	132;301	50;41	-82;-99	9.58e+18	5	6.6	86.83	6.2562	2.0870	-0.2574	4.8050	-2.0495	-11.0611	1e+18	3
2011/06/22,21:50:50.73	39.9478	142.5908	36.40	6.9	E_OFF_IWATE_PREF	14;196	70;20	89;92	1.23e+19	41	6.7	87.91	0.1350	0.2706	0.2242	-0.8217	-0.9148	0.6867	1e+19	3
2011/07/10,00:57:07.36	38.0318	143.5067	34.00	7.3	FAR_E_OFF_MIYAGI_PREF	64;332	84;74	16;174	3.75e+19	32	7.0	96.48	-2.9707	-2.0944	0.7447	2.8524	-0.8039	0.1183	1e+19	3
2011/09/16,19:26:35.86	40.2592	143.0862	7.40	6.6	NE_OFF_IWATE_PREF	26;168	77;16	100;53	1.07e+19	20	6.7	88.08	0.0936	0.1004	0.4426	-0.5121	-0.8452	0.4185	1e+19	3
2011/11/08,02:59:06.91	27.2975	125.7390	217.00	7.0	EAST_CHINA_SEA_REGION	5;151	53;42	-69;-116	2.20e+19	230	6.9	84.17	-0.3674	0.5470	-0.3912	2.2099	0.5282	-1.8425	1e+19	3
2012/01/01,05:27:52.05	31.4280	138.5665	397.26	7.0	NEAR_TORISHIMA_IS	10;123	81;21	-70;-155	1.92e+19	340	6.8	82.79	-0.1308	0.5249	-0.4186	0.7038	1.6838	-0.5730	1e+19	3
2012/03/14,09:08:33.09	40.7753	145.2275	64.00	6.9	FAR_SE_OFF_HOKKAIDO	91;263	64;26	-87;-97	3.54e+19	8	7.0	89.44	2.5400	-0.1342	-2.2187	0.4263	-0.1421	-2.9664	1e+19	3
2012/08/14,02:59:36.27	49.1833	145.8817	654.00	7.3	SOUTHERN_SEA_OF_OKHOTSK	252;14	67;39	122;39	3.66e+20	660	7.7	84.20	-0.9166	2.0313	-2.3389	-1.3285	-0.1080	2.2451	1e+20	3
2012/12/07,08:18:20.28	37.8158	144.3153	46.00	7.4	FAR_E_OFF_NORTH_HONSHU	6;223	77;16	-100;-54	8.75e+19	11	7.3	80.85	0.3528	-1.7960	-0.4188	3.5246	7.7056	-3.8774	1e+19	3
2013/02/02,14:17:35.27	42.6892	143.2362	107.65	6.5	TOKACHI_REGION	278;72	87;3	-89;-116	2.74e+19	116	6.9	85.03	0.3142	0.0059	2.6955	-0.1343	0.4000	-0.1798	1e+19	3
2013/04/19,03:05:54.67	45.3008	150.9572	125.00	7.0	KURILE_ISLANDS_REGION	70;163	89;19	109;4	7.12e+19	98	7.2	63.38	1.5117	1.5665	6.4448	-2.0437	-1.9289	0.5320	1e+19	3
2013/09/04,00:18:20.72	29.9358	139.4175	445.16	6.8	NEAR_TORISHIMA_IS	330;105	72;25	-73;-132	6.40e+18	440	6.5	86.33	2.4560	2.4900	1.9152	1.1874	4.5543	-3.6434	1e+18	3
2013/10/25,17:10:18.39	37.1963	144.5687	56.00	7.1	FAR_E_OFF_NORTH_HONSHU	12;178	46;45	-80;-100	5.40e+19	20	7.1	94.80	0.5928	-0.3593	-0.7968	5.0430	0.0322	-5.6358	1e+19	3
2014/03/02,20:11:22.90	27.3828	127.3950	115.73	6.4	NW_OFF_OKINAWAJIMA_IS	14;111	80;58	-33;-168	5.81e+18	110	6.5	82.92	-2.2530	3.9213	-2.0076	3.0553	2.6637	-0.8024	1e+18	3
2014/07/11,19:22:00.44	37.0500	142.3208	33.00	7.0	E_OFF_FUKUSHIMA_PREF	346;222	63;42	-123;-43	5.57e+18	5	6.5	75.91	-1.4583	-1.5696	1.6118	5.1365	2.2925	-3.6781	1e+18	3